# The total chi sq is: 0.0778917
ALPHA1	2.0701731	0	0.0000000	10.0000000	0.1000000
ALPHA3	1.1128848	0	0.0000000	1000.0000000	0.1000000
ALPHAZ	0.3526900	0	0.0000000	1000.0000000	0.1000000
BANAN	4.3317333	1	0.0000000	1000.0000000	0.2000000
CANAN	3.9405919	1	0.0000000	1000.0000000	0.2000000
A11	4.0455752	1	0.0000000	1000.0000000	0.5000000
B11	9.8974116	1	0.0000000	1000.0000000	0.5000000
A12	3.2139797	1	0.0000000	1000.0000000	0.2000000
B12	17.6719475	1	0.0000000	1000.0000000	2.0000000
BDIP12	3.3456379	1	-10.0000000	100.0000000	0.2000000
CDIP12	1.3714911	1	-10.0000000	10.0000000	0.2000000
A13	2.8601297	1	0.0000000	1000.0000000	0.2000000
B13	69.3050783	1	0.0000000	1000.0000000	2.0000000
BDIP13	3.1835987	1	0.0000000	1000.0000000	0.2000000
CDIP13	1.8785859	1	-10.0000000	1000.0000000	0.2000000
CDIP31	0.0277657	1	-10.0000000	1000.0000000	0.2000000
A1Z	2.8812672	1	0.0000000	1000.0000000	0.2000000
B1Z	57.9642311	1	0.0000000	1000.0000000	2.0000000
BDIP1Z	3.4132512	1	0.0000000	1000.0000000	0.2000000
CDIP1Z	1.6693846	1	-10.0000000	1000.0000000	0.2000000
CDIPZ1	-0.6497141	1	-10.0000000	1000.0000000	0.2000000
