ALPHAO	16.4603884	1	6.0000000	100.0000000	0.1000000
AOO	8.3883328	1	0.0000000	11.5000000	0.1000000
BOO	19.8282637	1	0.0000000	1200.0000000	0.1000000
BDIPOO	2.7723072	1	0.0000000	6.0000000	0.1000000
CDIPOO	8.1640689	1	0.0000000	9.0000000	0.1000000
C6OO	78.6703798	1	0.0000000	1000.0000000	1.0000000
C8OO	1126.4763496	1	0.0000000	10000.0000000	10.0000000
Cf6OO	2.1715070	1	0.0000000	10.0000000	0.1000000
Cf8OO	2.1183428	1	0.0000000	10.0000000	0.1000000
ALPHABa	8.1128567	1	0.0000000	17.5100000	0.1000000
AOBa	1.0688000	1	0.0000000	3.0000000	0.1000000
BOBa	5.1848518	1	0.0000000	1000.0000000	0.1000000
BDIPOBa	2.1196043	1	0.0010000	6.0000000	0.1000000
CDIPOBa	5.7697902	1	0.0000000	10.0000000	0.1000000
CDIPBaO	0.9082242	1	-6.0000000	6.0000000	0.1000000
C6OBa	80.4766501	1	0.0000000	1000.0000000	1.0000000
C8OBa	905.73007455	1	0.0000000	10000.0000000	10.0000000
Cf6OBa	1.1124423	1	0.0000000	10.0000000	0.1000000
Cf8OBa	1.0811241	1	0.0000000	10.0000000	0.1000000
ALPHATi	1.4598134	1	0.1000000	4.5000000	0.1000000
AOTi	1.1038808	1	0.5000000	3.0000000	0.1000000
BOTi	47.1329184	1	0.0000000	1000.0000000	0.1000000
BDIPOTi	1.7969211	1	0.0010000	6.0000000	0.1000000
CDIPOTi	1.4362459	1	0.0000000	6.0000000	0.1000000
CDIPTiO	-0.6434989	1	-6.0000000	6.0000000	0.1000000
C6OTi	19.3554588	1	0.0000000	1000.0000000	1.0000000
C8OTi	239.7338883	1	0.0000000	10000.0000000	10.0000000
Cf6OTi	1.6004859	1	0.0000000	10.0000000	0.1000000
Cf8OTi	1.2411869	1	0.0000000	10.0000000	0.1000000
selfB   0.5425479	1      0.000	        4.000		0.10
selfgam 1.2078403	1      0.100     6.000   		0.10
selfeps1 0.9476255	1       0.000     4.000  		0.10
selfC   1.0000		0      0.000     4.000  		0.10
selfquaim1 1.7156134	1       0.000     7.000  		0.10
selfH   1.0000		0      0.000     7.000   		0.10
